 phi [st]     lambda[st]     hel[m]          X[m]              Y[m]              Z[m]          N[m]         E[m]         U[m]         x2000[m]        y2000[m]        x1992[m]          y1992[m]      
 Konwersja wspó³rzednych geodezyjnych 
0.90926893  0.36706950   141.39866  3664940.50000597  1409153.59000230  5009571.17000816  -0.01027793  -0.01412985  0.00951587  5773722.72095152  7502160.78324432  472071.34107134  639114.49092228
0.90926893  0.36706950   141.39982  3664940.51000597  1409153.58000230  5009571.16700816  -0.00478165  -0.00130284  0.00573981  5773722.71457044  7502160.77032572  472071.33433945  639114.47818925
0.90926893  0.36706950   141.40335  3664940.52000597  1409153.57000230  5009571.16700816  -0.00100556  0.01086277  -0.00040342  5773722.71003215  7502160.75740633  472071.32944891  639114.46540469
0.90926893  0.36706949   141.40767  3664940.53000597  1409153.56000230  5009571.16800816  0.00219713  0.02280790  -0.00733570  5773722.70610812  7502160.74448666  472071.32517215  639114.45260295
0.90926893  0.36706950   141.41013  3664940.52000597  1409153.59000230  5009571.17000816  0.00445188  -0.00846630  -0.00277058  5773722.70622005  7502160.77607379  472071.32615371  639114.48416285
0.90926893  0.36706950   141.40221  3664940.51400597  1409153.58400230  5009571.16600816  0.00017324  -0.00368319  0.00407157  5773722.70987891  7502160.77262554  472071.32971482  639114.48061649
0.90926893  0.36706950   141.40653  3664940.52500597  1409153.57500229  5009571.16600816  0.00504470  0.00783221  -0.00268598  5773722.70432130  7502160.76028103  472071.32382158  639114.46843444
0.90926893  0.36706949   141.41106  3664940.53300597  1409153.56400230  5009571.16900816  0.00526873  0.01970343  -0.00996772  5773722.70338168  7502160.74714447  472071.32252098  639114.45533379
0.90926893  0.36706950   141.40726  3664940.51500597  1409153.59000230  5009571.17000816  0.00076943  -0.00988219  0.00030103  5773722.70990292  7502160.77786643  472071.32988312  639114.48585270
0.90926893  0.36706950   141.40458  3664940.51400597  1409153.58400230  5009571.16900816  -0.00154695  -0.00434460  0.00170441  5773722.71172170  7502160.77262474  472071.33155618  639114.48056495
0.90926893  0.36706950   141.40758  3664940.51500597  1409153.59500229  5009571.16900816  0.00313723  -0.01432863  0.00109009  5773722.70787494  7502160.78253376  472071.32798519  639114.49057231
0.90926893  0.36706950   141.40558  3664940.51300597  1409153.58400230  5009571.17100816  -0.00343024  -0.00506871  0.00074062  5773722.71368679  7502160.77298273  472071.33352963  639114.48086856
